%YAML:1.0
---
K1: !!opencv-matrix
   rows: 3
   cols: 3
   dt: d
   data: [ 4.2649074776106676e+02, 0., 3.3952464502983418e+02, 0.,
       4.2588288129920755e+02, 2.5328760956125780e+02, 0., 0., 1. ]
K2: !!opencv-matrix
   rows: 3
   cols: 3
   dt: d
   data: [ 4.2742943329103969e+02, 0., 3.4376066562222769e+02, 0.,
       4.2690012945840198e+02, 2.4884045942037685e+02, 0., 0., 1. ]
D1: !!opencv-matrix
   rows: 1
   cols: 5
   dt: d
   data: [ -4.1489077793980034e-01, 2.0978481611340247e-01,
       1.9281337633819788e-03, -1.6597443423726505e-03,
       -5.9020622549763486e-02 ]
D2: !!opencv-matrix
   rows: 1
   cols: 5
   dt: d
   data: [ -4.1078638106536125e-01, 1.9235795079672566e-01,
       1.4641560130202521e-03, -1.8227726046996652e-03,
       -4.8026793196793413e-02 ]
R: !!opencv-matrix
   rows: 3
   cols: 3
   dt: d
   data: [ 9.9807450161984312e-01, 1.0517334068394953e-02,
       -6.1128347764319531e-02, -1.0533225192997871e-02,
       9.9994452210518825e-01, 6.2280497185341461e-05,
       6.1125611517067087e-02, 5.8171807648855361e-04,
       9.9812991199580037e-01 ]
T: [ -4.4228513734236863e+01, 4.1455731776400256e-01,
    -3.9265343844655272e+00 ]
E: !!opencv-matrix
   rows: 3
   cols: 3
   dt: d
   data: [ -1.6019001342424923e-02, 3.9265577040894550e+00,
       4.1402660561067878e-01, -1.2154789003723800e+00,
       -1.5568147917035651e-02, 4.4385825080621053e+01,
       5.2109806794150261e-02, -4.4230420067205657e+01,
       2.2586630063384492e-02 ]
F: !!opencv-matrix
   rows: 3
   cols: 3
   dt: d
   data: [ -6.3703162839824846e-08, 1.5637127320280959e-05,
       -3.2368576071196017e-03, -4.8396184122161083e-06,
       -6.2075478479138671e-08, 7.7032206110972001e-02,
       1.3147661608952589e-03, -8.0648800063581785e-02, 1. ]
R1: !!opencv-matrix
   rows: 3
   cols: 3
   dt: d
   data: [ 9.9962453702512988e-01, 1.1916807433809400e-03,
       2.7374529663550376e-02, -1.1905956927984564e-03,
       9.9999928967626350e-01, -5.5936256179396084e-05,
       -2.7374576876931525e-02, 2.3323257076429013e-05,
       9.9962524577805401e-01 ]
R2: !!opencv-matrix
   rows: 3
   cols: 3
   dt: d
   data: [ 9.9603893513364572e-01, -9.3359508261721263e-03,
       8.8426691219361142e-02, 9.3324426858826023e-03,
       9.9995634914966725e-01, 4.5311012303078646e-04,
       -8.8427061532924747e-02, 3.7392170326505409e-04,
       9.9608258441316622e-01 ]
P1: !!opencv-matrix
   rows: 3
   cols: 4
   dt: d
   data: [ 4.2639150537880477e+02, 0., 2.9811447715759277e+02, 0., 0.,
       4.2639150537880477e+02, 2.7093913078308105e+02, 0., 0., 0., 1.,
       0. ]
P2: !!opencv-matrix
   rows: 3
   cols: 4
   dt: d
   data: [ 4.2639150537880477e+02, 0., 2.9811447715759277e+02,
       -1.8933660007254632e+04, 0., 4.2639150537880477e+02,
       2.7093913078308105e+02, 0., 0., 0., 1., 0. ]
Q: !!opencv-matrix
   rows: 4
   cols: 4
   dt: d
   data: [ 1., 0., 0., -2.9811447715759277e+02, 0., 1., 0.,
       -2.7093913078308105e+02, 0., 0., 0., 4.2639150537880477e+02, 0.,
       0., 2.2520289538072849e-02, 0. ]
